6.0 5.0 1.0 2.0 20.0 6.0 -20.0 0.0 1.0
1.0 5.0 1.0 2.0 20.0 6.0 -20.0 0.0 1.0
0.5 10.0 1.0 2.0 20.0 30.0 -20.0 0.0 1.0
1.0 15.0 1.0 2.0 20.0 30.0 -20.0 0.0 1.0
3.0 20.0 1.0 2.0 20.0 7.0 -20.0 0.0 1.0
6.0 9.0 1.0 2.0 20.0 6.0 -20.0 0.0 1.0
10.0 10.0 1.0 2.0 15.0 30.0 10.0 0.0 1.0
15.0 10.0 1.0 2.0 15.0 30.0 10.0 0.0 1.0
20.0 10.0 1.0 2.0 15.0 30.0 10.0 0.0 1.0
25.0 10.0 1.0 2.0 15.0 30.0 10.0 0.0 1.0
5.0 15.0 1.0 2.0 15.0 30.0 -20.0 0.0 1.0
10.0 15.0 1.0 2.0 15.0 30.0 10.0 0.0 1.0
15.0 15.0 1.0 2.0 15.0 30.0 10.0 0.0 1.0
20.0 15.0 1.0 2.0 15.0 30.0 10.0 0.0 1.0
25.0 15.0 1.0 2.0 15.0 30.0 10.0 0.0 1.0
28.0 11 1.0 2.0 15.0 30.0 10.0 0.0 1.0
28.0 14 1.0 2.0 15.0 30.0 10.0 0.0 1.0
-1.0 0.0 1.0 -2.0 2.0 5.0 -2.0 0.0 1.0
0.0 0.5 1.0 -2.0 2.0 3.0 -2.0 0.0 1.0
7.0 0.0 1.0 2.0 20.0 6.0 -20.0 0.0 1.0
6.0 -5.0 1.0 2.0 20.0 6.0 -20.0 0.0 1.0
6.0 -10.0 1.0 2.0 20.0 6.0 -20.0 0.0 1.0
6.0 -15.0 1.0 2.0 20.0 6.0 -20.0 0.0 1.0
1.0 -5.0 1.0 2.0 20.0 6.0 -20.0 0.0 1.0
0.5 -10.0 1.0 2.0 20.0 6.0 -20.0 0.0 1.0
1 -15.0 1.0 2.0 20.0 6.0 -20.0 0.0 1.0
3 -18.0 1.0 2.0 20.0 6.0 -20.0 0.0 1.0
